750
469 847
114 118
615 289
94 619
88 91
339 744
861 51
409 341
894 470
262 263
521 797
795 796
511 204
661 543
242 183
814 169
249 162
471 581
344 553
15 108
392 995
20 372
837 27
721 8
567
78
286
969
83
771
962
314
127
28
557
472
260
588
890
761
294
125
109
22
154
779
745
113
197
196
219
728
725
723
836
802
645
524 408
497
546
732
488
217
179
638
550
241
416
714 461
846 522
458 817
150 386
475 513
686 256
195 153
481 155
813 929
200 243
665 10
735 413
26 67
993 620
885 960
670 740
44 873
438 415
751 840
101 991
401 105
402 856
447 31
775
508
924
247
654
329
561
367
559
706
404
187
555
739
50
387
320
201
867
181
746
13
87
877
287
954
799
950
913
277
606
38
889
275
468
964
19
211
942
576
480
939
254
994
301
149
145
623
381
300
216
800 617
383 912
703 858
231 424
455 454
394 270
881 444
307 304
318 482
808 422
327 832
236 494
410 368
701 452
674 982
133 765
130 770
988 716
932 726
52 137
376 544
138 49
977 99
72 956
349
348
429
433
296
467
644
89
880
103
757
756
616
457
281
450
755
887
451
864
729
90
92
411
830
768
423
541
629
504
803
539
11
792
228
5
370
923
4
972
704
364
139
679
777
34
302
963
313
148
479
899
855
81
677
23
166
485
360
551
648
643 537
414 518
697 705
12 371
841 388
675 853
30 330
835 407
40 345
653 662
984 862
833 32
872 297
259 134
509
147 144
157 156
572 937
903 571
490 562
801 182
525 794
947 891
188 583
443 625
115 915
953 93
80 285
760 321
612 129
532
736
530
627
688
507
500
549
712
462
614
613
456
641
594
389
463
227 825
499
907
265
35
896
70
106
21
900
992
905
202
98
860
951
926
292
936
305
167
273 609
9
208
986
437 434
459 290
737 879
952 624
763 350
199 474
534 920
173 547
124 566
805 165
146 151
943 244
573 252
622 973
48
857 528
866 695
6 405
355 664
373 336
382 18
681 365
689 426
584
718
998
159
347
391
812
352
707
245
502
944
25
878
570
251
708
272
120
361
845
650
921
435
436
831
987
743
3
970
533
610
189
844
870
671
111
554
820
888
393
663
41
516
563 774
163 930
198 171
168 172
711 590
651 65
76 657
965 967
96 95
753 47
958 102
36 160
126 123
949 758
715 595
585 769
582 996
579 684
61 957
250 375
465 818
266 876
503 834
501 517
495 226
810 234
338 478
838 492
353 288
597
596
261
267
815
278
279
754
284
605
604
299
886
369
687
362
396
358
400
852
406
863
865
821
669
39
328
421
311
60
430
978
73
442
255
719
203
460
178
232
229
225
935
233
142
922
906
526
483
786
59 238
46 871
918 990
934 428
55 628
71 223
919 218
911 545
882 331
359 927
2 280
143 385
580 816
128 599
759 601
577 366
390 789
116 529
464 710
709 271
693
724
997
850
682
839
536
787
213
849
7
925
851
24
193
212
29
514
319
440
656
446
560
776
100
283
222
565
274
804
473
593
811
591
240
908
439
140
827
875
975
177
727
640
63
933
931
309
897 781
806 981
928 773
720 731
793 828
824 961
868 717
0 910
62
607 632
57 487
335 58
636 637
484 337
119 343
631 633
131 630
432 384
161 608
158 206
224 66
37 246
248 535
214 257
676 698
269 668
82 666
498 660
510 85
425
826
823
822
453
791
819
807
520
519
486
491
121
809
489
412
917
239
186
895
893
184
298
303
174
312
315
874
869
332
342
346
356
790
702
377
378
380
842
136
540
209
742
733
983
652
658
75
77
667
672
680
778
713
574
611
45
785
1
690
692
64 215
310 395
634 548
940 635
941 399
979 752
883 659
685 185
904 898
673 264
237 901
175 618
295 291
191 884
683 909
419 542
86 788
552 782
117 527
586 968
466 476
589 417
700 762
68 974
69 946
747
374
293
575
772
176
621
966
112
678
258
955
107
431
515
556
829
531
235
230
397
538
914
205
110
976
843
334
357
441
854
354
351
741
132
340
738
379
938
592
326
655
764
767
170
74
848
316
325
647
164
323
730
152 97
985 84
190 53
980 104
945 79
54 180
523 363
449 445
512 496
207 798
558 783
568 564
587 578
600 598
750 603
696 749
427 699
999 418
916 221
398 403
902 253
892 322
306 324
734
192
748
642
220
626
639
646
691
722
694
989
43
42
194
33
17
16
14
649
135
971
141
420
948
448
859
477
493
333
505
506
602
959
784
308
780
282
276
569
268
766
317
210
56
122
